08
00
0c
19
08
00
0c
01
08
00
0c
02
34
02
00
00
00
05
40
25
31
08
00
ff
00
08
78
25
34
09
00
08
01
28
48
04
01
09
40
25
a4
08
20
00
34
0b
00
01
25
6b
00
01
91
6a
20
00
11
64
00
09
11
4f
ff
fc
24
42
00
01
01
6b
50
21
00
8a
48
23
19
20
ff
f8
a1
45
20
00
01
4b
50
21
08
00
0c
12
08
00
0c
0c
03
e0
00
08
24
09
ff
fb
29
28
00
0a
19
00
ff
e5
29
28
ff
fe
19
00
ff
e3
24
09
00
07
29
28
00
0a
19
00
ff
e0
3c
01
80
00
34
29
00
00
3c
01
7f
ff
34
2a
ff
ff
01
2a
40
2a
19
00
ff
da
3c
08
12
34
35
08
56
78
24
09
ff
ff
01
09
50
24
15
48
ff
d5
08
00
0c
2e
8c
08
20
00
01
00
58
20
ac
0b
20
00
8c
09
20
00
00
09
40
21
15
0a
ff
ce
8c
09
20
00
3c
09
ff
ff
35
29
ff
ff
25
29
00
01
01
09
40
26
15
0a
ff
c8
8c
0f
20
00
00
00
40
21
ac
00
20
00
00
00
50
21
00
00
48
21
ac
00
20
00
34
04
00
64
3c
05
12
34
24
a5
56
78
0c
00
0c
03
34
08
00
19
14
48
ff
bc
08
00
0c
02
00
00
00
00
00
00
00
00
